1.000000,0.030895,0.096065,-0.045156,0.023380,0.152793,0.022290,-0.007201,0.041470,0.044466,0.049697,-0.038245,0.014175,0.022848,0.019206,0.020972,-0.072411,-0.053323,0.005792,0.006901,0.003577,-0.003411,-0.001199,0.012635,0.012635,-0.023695,-0.001602,0.001579,-0.068785,-0.069474,0.012220,0.012220,-0.044221,0.054665,0.059713,0.018643,0.047693,-0.049875,0.053157,0.092585,-0.072437,0.090962,-0.092738,-0.074594,-0.073799,-0.011564,-0.074594,-0.074594,0.092619,0.075037,-0.029009,0.095964,-0.061440,-0.029717,-0.053211,-0.004381,0.058048,0.058048,0.096819,-0.007103,0.003742,-0.009689,-0.009689,0.003742,-0.008729,-0.011492,-0.010305,-0.005050,-0.010305,-0.007876,-0.002638,-0.002638,0.007556,-0.010192,-0.010192,-0.010192,-0.010192,-0.010192,0.025265,-0.010192,-0.010192,0.033759,0.021722,0.023635,0.023635,-0.022858,-0.037241,-0.048855,-0.018077,-0.048855,-0.015550,-0.010101,-0.045558,-0.011943,0.028711,0.001460,0.003681,-0.010041,0.075842,0.072385
0.030895,1.000000,-0.072927,-0.231541,0.957406,0.270648,0.536511,0.441815,-0.192389,-0.186918,-0.188634,-0.075271,-0.043045,-0.197303,-0.039254,-0.063682,-0.142131,-0.134932,-0.030779,-0.007335,0.038016,-0.090640,-0.019106,-0.141749,-0.141749,0.027373,-0.042562,-0.075520,-0.005623,-0.000000,-0.092277,-0.092277,0.046998,-0.013007,-0.091182,-0.092238,0.097477,0.028652,-0.026364,-0.016131,-0.000000,-0.019974,0.000000,-0.041006,-0.037512,0.075106,-0.041006,-0.041006,-0.020007,-0.061595,0.063062,-0.032378,0.017184,0.059657,-0.034483,-0.054327,0.013412,0.013412,-0.028358,0.037743,-0.091482,0.042126,0.042126,-0.091482,0.055661,-0.020357,-0.020535,0.040251,-0.020535,0.060455,-0.021024,-0.021024,-0.104399,0.099292,0.099292,0.099292,0.117345,0.117345,-0.010328,0.117345,0.117345,0.063032,-0.016490,-0.041866,-0.041866,-0.160649,-0.024304,0.067308,0.141268,0.067308,0.129850,0.020129,0.034585,-0.010020,0.118665,-0.131888,-0.129086,-0.013339,-0.004976,-0.009863
0.096065,-0.072927,1.000000,-0.056193,-0.078725,0.014497,0.112194,0.080741,-0.061918,-0.059608,0.001173,-0.081080,-0.037523,-0.023933,0.442360,0.450118,-0.087079,-0.056640,-0.003874,0.000163,-0.045734,0.123926,0.023622,0.181105,0.181105,-0.030519,0.052369,0.054977,-0.073063,-0.073796,-0.037118,-0.037118,0.083745,0.007222,0.009964,-0.030273,-0.063649,0.076523,-0.024509,-0.019884,-0.035147,-0.020495,-0.064107,0.014268,0.014921,-0.005611,0.014268,0.014268,-0.018930,0.048025,0.006847,-0.016719,-0.069460,0.006157,0.007506,0.071188,0.002681,0.002681,-0.015926,-0.053649,0.081713,-0.056033,-0.056033,0.081713,-0.054599,0.020948,0.022500,-0.064366,0.022500,-0.053811,0.031440,0.031440,0.086504,-0.054931,-0.054931,-0.054931,-0.054931,-0.054931,0.057113,-0.054931,-0.054931,0.059550,-0.049443,-0.048537,-0.048537,-0.035767,0.001157,0.056165,0.063629,0.056165,0.064233,0.071230,0.024031,0.068917,0.063629,0.016714,0.019200,0.070804,-0.016686,-0.019496
-0.045156,-0.231541,-0.056193,1.000000,-0.227740,-0.006430,-0.163075,-0.214157,-0.267761,-0.264808,-0.254664,0.342928,0.236959,-0.243522,-0.066784,-0.060316,0.405984,0.056310,0.303522,0.015469,-0.096707,-0.045484,0.065935,0.026639,0.026639,0.042009,-0.021118,-0.080955,0.015537,0.010255,-0.069780,-0.069780,-0.042016,0.118373,-0.099064,-0.084247,-0.002708,-0.055424,0.069221,0.050101,0.016176,0.054931,0.028432,0.005520,0.008679,-0.047490,0.005520,0.005520,0.053431,0.025000,-0.045456,0.056196,0.034589,-0.040875,0.004642,-0.026020,-0.070757,-0.070757,0.032592,-0.069682,0.022973,-0.071623,-0.071623,0.022973,-0.077130,-0.031884,-0.033524,0.018578,-0.033524,-0.073007,-0.018958,-0.018958,0.041853,-0.083440,-0.083440,-0.083440,-0.083440,-0.083440,-0.029593,-0.083440,-0.083440,-0.121809,-0.025265,-0.017874,-0.017874,0.051768,0.078500,-0.123340,0.023871,-0.123340,-0.044622,0.019183,-0.081492,0.039933,0.036622,0.090365,0.084379,0.049167,-0.012726,0.007018
0.023380,0.957406,-0.078725,-0.227740,1.000000,0.329723,0.569544,0.468031,-0.181289,-0.175087,-0.195904,-0.061067,-0.074849,-0.203190,-0.036608,-0.060062,-0.131748,-0.134696,-0.063597,-0.008734,0.044493,-0.075573,-0.025303,-0.124124,-0.124124,0.027843,-0.023399,-0.071438,0.029226,0.034238,-0.044919,-0.044919,0.013478,-0.022051,-0.062711,-0.056381,0.077744,-0.005979,-0.028544,-0.031865,0.020467,-0.035699,0.024288,-0.008671,-0.005123,0.053417,-0.008671,-0.008671,-0.035313,-0.060358,0.044604,-0.046933,0.038630,0.041045,-0.003914,-0.039298,-0.005821,-0.005821,-0.050720,0.039483,-0.072903,0.042974,0.042974,-0.072903,0.065557,-0.000076,-0.006399,0.047781,-0.006399,0.061431,-0.011075,-0.011075,-0.084277,0.080966,0.080966,0.080966,0.098646,0.098646,-0.000958,0.098646,0.098646,0.045595,-0.029913,-0.054512,-0.054512,-0.139145,-0.021213,0.058533,0.130236,0.058533,0.109081,0.011798,0.027657,-0.018251,0.097032,-0.121133,-0.117668,-0.020931,-0.001938,-0.007574
0.152793,0.270648,0.014497,-0.006430,0.329723,1.000000,0.273472,0.260684,-0.147468,-0.143550,-0.072985,0.050546,-0.007044,-0.081313,-0.021506,-0.018912,0.004286,-0.045468,-0.021639,0.021160,0.101529,-0.068470,-0.083836,-0.063121,-0.063121,0.076845,-0.080275,-0.073028,0.083023,0.104417,-0.052943,-0.052943,0.003243,0.050137,-0.106369,-0.055074,-0.060337,-0.008509,0.046475,0.015447,0.042511,0.013849,0.064855,-0.027503,-0.026207,0.043201,-0.027503,-0.027503,0.016782,-0.055564,-0.007474,0.021389,0.087482,-0.008763,-0.010868,-0.091251,0.033489,0.033489,0.005598,-0.003660,-0.094592,0.011234,0.011234,-0.094592,0.032610,-0.014969,-0.012612,0.083268,-0.012612,0.034385,-0.042473,-0.042473,-0.088192,0.009191,0.009191,0.009191,0.009191,0.009191,-0.057667,0.009191,0.009191,0.080751,-0.019589,-0.016848,-0.016848,-0.048349,-0.042337,0.033800,-0.004795,0.033800,-0.017457,-0.037411,0.001557,-0.040892,-0.028904,-0.030280,-0.026268,-0.022959,-0.002051,-0.007412
0.022290,0.536511,0.112194,-0.163075,0.569544,0.273472,1.000000,0.833545,-0.490452,-0.477272,-0.343518,-0.038893,-0.134155,-0.353133,0.010912,0.005912,-0.121559,-0.144164,-0.130080,-0.020311,-0.112868,0.004962,0.128994,-0.081767,-0.081767,-0.089742,-0.171329,-0.007389,0.047552,0.061367,-0.088296,-0.088296,0.103142,-0.009890,-0.125340,-0.103989,0.036198,0.076228,-0.045675,-0.013435,-0.030404,-0.018183,-0.017927,-0.158220,-0.153735,0.189581,-0.158220,-0.158220,-0.008449,-0.133971,0.173366,-0.001288,-0.027348,0.169372,-0.169541,-0.166086,0.110280,0.110280,-0.003911,-0.024027,-0.176271,-0.014749,-0.014749,-0.176271,0.008366,-0.128365,-0.127530,-0.004555,-0.133921,0.005378,-0.138149,-0.138149,-0.153453,-0.011301,-0.002873,-0.002873,0.013982,0.013982,-0.114212,0.013982,0.013982,0.089871,-0.086256,-0.108649,-0.108649,-0.069550,0.011383,0.089470,0.075361,0.089470,0.110425,0.070760,0.066731,0.039514,0.054258,-0.048482,-0.034572,0.051656,-0.084306,-0.101610
-0.007201,0.441815,0.080741,-0.214157,0.468031,0.260684,0.833545,1.000000,-0.589684,-0.580558,-0.440115,-0.002193,-0.198779,-0.451921,-0.003202,-0.006494,-0.076559,-0.110863,-0.201471,-0.061118,-0.119990,0.037817,0.139167,-0.129984,-0.129984,-0.085177,-0.124503,0.073832,0.044237,0.056716,-0.100572,-0.100572,0.155679,-0.057856,-0.133682,-0.108093,0.020827,0.127307,-0.081862,-0.052169,-0.022430,-0.057497,-0.028716,-0.153722,-0.148439,0.227179,-0.153722,-0.153722,-0.045934,-0.149047,0.194350,-0.036319,-0.038050,0.196104,-0.166778,-0.153309,0.082059,0.082059,-0.038006,-0.035189,-0.160154,-0.029184,-0.029184,-0.160154,-0.004865,-0.115852,-0.113278,-0.031273,-0.119660,-0.006775,-0.146193,-0.146193,-0.147406,-0.026299,-0.017883,-0.017883,-0.017883,-0.017883,-0.135805,-0.017883,-0.017883,0.106514,-0.022101,-0.041472,-0.041472,-0.053655,0.025694,0.102535,0.077379,0.102535,0.113498,0.074284,0.067656,0.040679,0.066842,-0.050180,-0.033507,0.055186,-0.085530,-0.106323
0.041470,-0.192389,-0.061918,-0.267761,-0.181289,-0.147468,-0.490452,-0.589684,1.000000,0.986957,0.792031,-0.398405,-0.237129,0.783590,0.065109,0.061480,-0.514339,-0.230636,-0.260396,-0.043249,0.125780,-0.067842,-0.127720,0.092868,0.092868,0.106408,0.109590,-0.082462,-0.034177,-0.041296,0.056706,0.056706,-0.021124,-0.031431,0.083284,0.056427,-0.050017,0.017589,0.038498,0.001246,0.028932,0.003511,0.033374,0.075354,0.066863,-0.097794,0.075354,0.075354,-0.008547,0.032584,-0.090320,-0.015565,0.052172,-0.095049,0.102160,0.067837,-0.076795,-0.076795,-0.002697,0.072374,0.044596,0.071030,0.071030,0.044596,0.059048,0.068202,0.064899,0.057745,0.071316,0.056550,0.095036,0.095036,0.056164,0.071062,0.071062,0.071062,0.079524,0.079524,0.114695,0.079524,0.079524,-0.064746,0.063681,0.075596,0.075596,-0.047397,-0.105283,-0.055980,-0.036630,-0.055980,-0.055269,-0.116435,-0.025290,-0.110217,-0.036630,-0.088060,-0.080821,-0.109486,0.092149,0.099763
0.044466,-0.186918,-0.059608,-0.264808,-0.175087,-0.143550,-0.477272,-0.580558,0.986957,1.000000,0.771476,-0.400873,-0.240697,0.783840,0.041191,0.037020,-0.520133,-0.226445,-0.263199,-0.065190,0.132394,-0.074865,-0.134653,0.099241,0.099241,0.115162,0.122742,-0.095217,-0.026606,-0.033705,0.059008,0.059008,-0.019667,-0.037930,0.080600,0.057992,-0.055873,0.020042,0.032747,-0.009313,0.037439,-0.006844,0.044235,0.078029,0.069390,-0.090825,0.078029,0.078029,-0.019190,0.018158,-0.084440,-0.026647,0.063675,-0.089121,0.105815,0.061559,-0.084053,-0.084053,-0.013771,0.073780,0.044536,0.063872,0.063872,0.044536,0.051762,0.063661,0.060139,0.065137,0.066609,0.049124,0.089495,0.089495,0.055763,0.064278,0.064278,0.064278,0.072810,0.072810,0.109500,0.072810,0.072810,-0.055383,0.069518,0.081434,0.081434,-0.063695,-0.115024,-0.046319,-0.029527,-0.046319,-0.042791,-0.119410,-0.015628,-0.112917,-0.029527,-0.103617,-0.096695,-0.112393,0.084249,0.092321
0.049697,-0.188634,0.001173,-0.254664,-0.195904,-0.072985,-0.343518,-0.440115,0.792031,0.771476,1.000000,-0.338755,-0.237019,0.969718,-0.064855,-0.056888,-0.448125,-0.220299,-0.261336,-0.007332,0.123682,-0.056861,-0.123005,0.040887,0.040887,0.056171,0.018485,-0.064884,-0.009369,-0.004242,0.018809,0.018809,-0.026127,-0.053252,0.038344,0.029242,-0.013216,0.017859,0.052058,0.006024,0.079117,0.001515,0.082506,0.083392,0.080126,-0.099551,0.083392,0.083392,0.002345,0.021566,-0.095641,0.007719,0.077000,-0.099711,0.087560,0.028980,-0.039294,-0.039294,0.012242,0.115352,0.022164,0.117722,0.117722,0.022164,0.093689,0.079444,0.080849,0.034531,0.087769,0.099114,0.101292,0.101292,0.020391,0.108481,0.117608,0.117608,0.135861,0.135861,0.116562,0.135861,0.135861,-0.003510,0.074461,0.084948,0.084948,-0.133391,-0.150350,-0.019554,-0.052783,-0.019554,-0.042362,-0.132748,-0.002554,-0.123075,-0.052783,-0.101171,-0.088943,-0.125211,0.086952,0.099609
-0.038245,-0.075271,-0.081080,0.342928,-0.061067,0.050546,-0.038893,-0.002193,-0.398405,-0.400873,-0.338755,1.000000,0.563302,-0.331735,-0.132726,-0.126091,0.808378,-0.179556,0.472607,0.168558,-0.043645,0.156209,0.044601,-0.022489,-0.022489,0.039720,-0.109958,0.163404,-0.003932,-0.009874,-0.094524,-0.094524,-0.015290,0.090991,-0.094018,-0.085634,0.093179,-0.020607,0.099764,0.129886,-0.054415,0.132464,-0.028242,-0.043397,-0.039673,-0.062059,-0.043397,-0.043397,0.133142,0.081709,-0.067140,0.131280,-0.020878,-0.063913,-0.045769,-0.032646,0.088697,0.088697,0.119380,0.031147,-0.034967,0.025376,0.025376,-0.034967,0.020734,-0.013766,-0.013494,0.035678,-0.020399,0.025745,-0.025543,-0.025543,-0.054399,0.010553,0.019657,0.019657,0.028762,0.028762,-0.021820,0.028762,0.028762,-0.070411,0.002457,-0.005470,-0.005470,0.062201,0.146246,-0.075494,0.077137,-0.075494,-0.022595,0.073058,-0.091116,0.075535,0.065739,0.125646,0.123430,0.079348,-0.001996,0.012096
0.014175,-0.043045,-0.037523,0.236959,-0.074849,-0.007044,-0.134155,-0.198779,-0.237129,-0.240697,-0.237019,0.563302,1.000000,-0.235516,-0.102273,-0.098872,0.429048,-0.132884,0.869335,0.249633,0.011524,-0.021447,-0.003861,0.056846,0.056846,-0.032923,0.010183,-0.076587,-0.026999,-0.030248,0.031978,0.031978,-0.150292,0.201131,0.058271,0.052676,-0.005644,-0.147777,0.089798,0.129654,-0.063777,0.126012,-0.057681,-0.023518,-0.021402,-0.091408,-0.023518,-0.023518,0.119532,0.106191,-0.065675,0.104917,-0.052374,-0.067912,-0.024749,0.019458,0.046811,0.046811,0.107474,-0.056899,0.023529,-0.064964,-0.064964,0.023529,-0.061565,-0.032134,-0.028266,-0.001759,-0.028266,-0.058904,-0.013550,-0.013550,0.024345,-0.065377,-0.065377,-0.065377,-0.065377,-0.065377,-0.035256,-0.065377,-0.065377,-0.097486,-0.031075,-0.026480,-0.026480,0.121285,0.170393,-0.119274,0.068057,-0.119274,-0.092655,0.056951,-0.164591,0.060261,0.051760,0.172511,0.158514,0.056611,0.029107,0.019879
0.022848,-0.197303,-0.023933,-0.243522,-0.203190,-0.081313,-0.353133,-0.451921,0.783590,0.783840,0.969718,-0.331735,-0.235516,1.000000,-0.104689,-0.097502,-0.442639,-0.211738,-0.258683,-0.012374,0.123731,-0.063932,-0.123488,0.050173,0.050173,0.069208,0.012394,-0.080478,-0.008188,-0.014220,0.018404,0.018404,-0.030997,-0.054810,0.036835,0.027712,-0.015469,0.014402,0.054054,0.001305,0.092914,-0.003047,0.091113,0.097611,0.094179,-0.108405,0.097611,0.097611,-0.002497,0.024349,-0.106876,0.002432,0.086575,-0.110865,0.103123,0.037845,-0.060441,-0.060441,0.006835,0.122118,0.029691,0.124941,0.124941,0.029691,0.100550,0.092366,0.093651,0.032248,0.100611,0.105861,0.113047,0.113047,0.019116,0.124748,0.133927,0.133927,0.152284,0.152284,0.121327,0.152284,0.152284,-0.027005,0.100230,0.110880,0.110880,-0.127952,-0.137289,-0.042444,-0.041136,-0.042444,-0.053744,-0.143587,-0.026833,-0.133467,-0.041136,-0.102019,-0.090130,-0.129164,0.073478,0.086844
0.019206,-0.039254,0.442360,-0.066784,-0.036608,-0.021506,0.010912,-0.003202,0.065109,0.041191,-0.064855,-0.132726,-0.102273,-0.104689,1.000000,0.983397,-0.180894,-0.105010,-0.091129,-0.013416,-0.099603,0.092450,0.091439,0.154383,0.154383,-0.020747,0.039382,0.045040,-0.064470,-0.066202,-0.049641,-0.049641,0.040323,0.043798,-0.007107,-0.051335,-0.063314,0.043073,0.053175,0.025359,-0.007670,0.040450,-0.053022,-0.024674,-0.023360,-0.011999,-0.024674,-0.024674,0.043483,0.055691,-0.018428,0.048480,-0.064504,-0.019759,-0.023168,0.032194,0.033189,0.033189,0.050028,-0.028877,0.049213,-0.033853,-0.033853,0.049213,-0.031828,0.016629,0.019312,-0.091105,0.019312,-0.030187,0.020609,0.020609,0.057122,-0.034315,-0.034315,-0.034315,-0.053307,-0.053307,0.018972,-0.053307,-0.053307,-0.068686,-0.056972,-0.054753,-0.054753,0.010633,0.050845,-0.032990,0.086264,-0.032990,0.008702,0.034811,-0.045538,0.030946,0.062485,0.027360,0.031939,0.034603,0.055139,0.049167
0.020972,-0.063682,0.450118,-0.060316,-0.060062,-0.018912,0.005912,-0.006494,0.061480,0.037020,-0.056888,-0.126091,-0.098872,-0.097502,0.983397,1.000000,-0.173205,-0.103040,-0.087300,-0.010135,-0.114738,0.101693,0.106377,0.159700,0.159700,-0.016590,0.028684,0.052279,-0.084931,-0.086517,-0.052943,-0.052943,0.034093,0.050137,0.002564,-0.055074,-0.060337,0.037335,0.062545,0.032653,-0.025921,0.047938,-0.066561,-0.027503,-0.026207,-0.015063,-0.027503,-0.027503,0.050928,0.068924,-0.022422,0.055926,-0.077484,-0.023735,-0.025581,0.041204,0.033489,0.033489,0.057453,-0.023790,0.058144,-0.028708,-0.028708,0.058144,-0.026762,0.028458,0.031197,-0.088472,0.031197,-0.025140,0.032279,0.032279,0.065998,-0.029323,-0.029323,-0.029323,-0.048579,-0.048579,0.030461,-0.048579,-0.048579,-0.064060,-0.089948,-0.088299,-0.088299,0.001805,0.031732,-0.027739,0.067535,-0.027739,-0.000668,0.019844,-0.040604,0.016114,0.043425,0.019372,0.023802,0.019725,0.061637,0.055711
-0.072411,-0.142131,-0.087079,0.405984,-0.131748,0.004286,-0.121559,-0.076559,-0.514339,-0.520133,-0.448125,0.808378,0.429048,-0.442639,-0.180894,-0.173205,1.000000,0.338541,0.480324,0.123704,-0.087460,0.182219,0.086501,-0.029969,-0.029969,-0.012745,-0.122626,0.220274,-0.050909,-0.057815,-0.028631,-0.028631,-0.047003,0.078571,0.002946,-0.016537,0.098691,-0.061293,0.066663,0.112187,-0.086470,0.113430,-0.084360,-0.003680,0.000702,-0.086753,-0.003680,-0.003680,0.116448,0.151568,-0.086255,0.118315,-0.086536,-0.084378,-0.015909,0.060264,0.067044,0.067044,0.108571,0.006376,0.095720,0.005707,0.005707,0.095720,-0.005631,0.071387,0.074434,-0.026630,0.068075,0.000319,0.058523,0.058523,0.062697,-0.008672,-0.008672,-0.008672,-0.017058,-0.017058,0.046684,-0.017058,-0.017058,-0.014256,-0.026201,-0.031426,-0.031426,0.112662,0.142899,-0.005837,0.030336,-0.005837,0.010074,0.114257,-0.029393,0.125732,0.040835,0.150502,0.137747,0.119770,-0.014629,-0.005987
-0.053323,-0.134932,-0.056640,0.056310,-0.134696,-0.045468,-0.144164,-0.110863,-0.230636,-0.226445,-0.220299,-0.179556,-0.132884,-0.211738,-0.105010,-0.103040,0.338541,1.000000,-0.107297,-0.017331,0.019657,0.057733,-0.014263,-0.058709,-0.058709,-0.079077,-0.030608,0.128788,-0.076373,-0.078384,0.068185,0.068185,-0.019684,-0.047125,0.113832,0.070543,0.027105,-0.033409,-0.021126,-0.013755,-0.011424,-0.015349,-0.069432,0.063752,0.065092,-0.057378,0.063752,0.063752,-0.011921,0.107573,-0.044342,-0.006819,-0.082618,-0.045930,0.049454,0.130280,-0.030588,-0.030588,-0.005077,-0.007755,0.181180,-0.013753,-0.013753,0.181180,-0.028400,0.127011,0.131078,-0.114681,0.131078,-0.026467,0.114327,0.114327,0.148007,-0.015208,-0.031529,-0.031529,-0.064170,-0.064170,0.085939,-0.064170,-0.064170,0.116856,-0.047096,-0.044214,-0.044214,0.050317,-0.035169,0.127033,-0.087425,0.127033,0.053279,0.040530,0.123340,0.048109,-0.066991,0.003347,-0.005706,0.028229,-0.042017,-0.048028
0.005792,-0.030779,-0.003874,0.303522,-0.063597,-0.021639,-0.130080,-0.201471,-0.260396,-0.263199,-0.261336,0.472607,0.869335,-0.258683,-0.091129,-0.087300,0.480324,-0.107297,1.000000,0.199956,-0.048799,-0.021580,0.048455,0.037880,0.037880,-0.054311,-0.002527,-0.060957,-0.033120,-0.036529,0.062737,0.062737,-0.157972,0.197989,0.095442,0.084592,-0.025279,-0.157452,0.051485,0.098914,-0.099559,0.095424,-0.073690,-0.009609,-0.007405,-0.072214,-0.009609,-0.009609,0.089706,0.108332,-0.052982,0.076254,-0.070336,-0.055317,-0.012822,0.049105,0.036248,0.036248,0.078922,-0.069578,0.067420,-0.078024,-0.078024,0.067420,-0.074348,-0.006466,-0.002139,0.015092,-0.002139,-0.071561,0.015109,0.015109,0.069881,-0.078124,-0.078124,-0.078124,-0.078124,-0.078124,-0.006292,-0.078124,-0.078124,-0.081732,-0.022413,-0.017398,-0.017398,0.140363,0.150085,-0.090281,0.012271,-0.090281,-0.104319,0.069391,-0.144879,0.081039,0.012271,0.207619,0.184616,0.078145,0.039255,0.029430
0.006901,-0.007335,0.000163,0.015469,-0.008734,0.021160,-0.020311,-0.061118,-0.043249,-0.065190,-0.007332,0.168558,0.249633,-0.012374,-0.013416,-0.010135,0.123704,-0.017331,0.199956,1.000000,0.220008,-0.086292,-0.215598,-0.055078,-0.055078,-0.030634,-0.097831,-0.072632,0.017649,0.015119,-0.054013,-0.054013,-0.168092,0.305510,-0.064322,-0.052540,0.014588,-0.166487,0.237797,0.305471,-0.062578,0.300856,-0.041674,-0.071904,-0.070271,-0.191179,-0.071904,-0.071904,0.304840,0.202365,-0.168726,0.297707,-0.055658,-0.170534,-0.087580,-0.048281,0.124477,0.124477,0.299757,-0.030351,-0.061704,-0.017827,-0.017827,-0.061704,-0.015645,-0.069951,-0.067583,-0.008392,-0.067583,-0.013660,-0.064651,-0.064651,-0.069333,-0.001411,-0.001411,-0.001411,0.016332,0.016332,-0.051483,0.016332,0.016332,-0.029080,-0.042913,-0.039932,-0.039932,0.076103,0.139018,-0.035117,0.049795,-0.035117,0.000747,0.106861,-0.005904,0.102031,0.027580,0.117756,0.108479,0.093112,-0.068964,-0.074797
0.003577,0.038016,-0.045734,-0.096707,0.044493,0.101529,-0.112868,-0.119990,0.125780,0.132394,0.123682,-0.043645,0.011524,0.123731,-0.099603,-0.114738,-0.087460,0.019657,-0.048799,0.220008,1.000000,-0.602804,-0.983916,-0.233137,-0.233137,0.317390,0.283913,-0.497152,0.096518,0.105669,-0.006232,-0.006232,-0.065329,0.087300,-0.057182,0.021786,-0.079060,-0.033380,0.161302,0.064509,0.192704,0.064018,0.163693,-0.017539,-0.011811,-0.076480,-0.017539,-0.017539,0.063892,-0.102370,-0.026770,0.043655,0.160815,-0.020754,-0.022556,-0.170645,0.124866,0.124866,0.043580,0.061176,-0.101884,0.053152,0.053152,-0.101884,0.044661,-0.093289,-0.088494,0.009320,-0.088494,0.044642,-0.050168,-0.050168,-0.096616,0.059045,0.051381,0.051381,0.051381,0.051381,-0.060879,0.051381,0.051381,0.079196,0.007159,0.007028,0.007028,-0.014781,-0.035540,0.087110,-0.018809,0.087110,0.044151,0.025764,0.080415,0.025942,-0.037999,-0.013398,-0.027135,0.019947,-0.028562,-0.027881
-0.003411,-0.090640,0.123926,-0.045484,-0.075573,-0.068470,0.004962,0.037817,-0.067842,-0.074865,-0.056861,0.156209,-0.021447,-0.063932,0.092450,0.101693,0.182219,0.057733,-0.021580,-0.086292,-0.602804,1.000000,0.569145,0.405991,0.405991,-0.206949,-0.065371,0.792123,-0.026482,-0.031932,0.042473,0.042473,-0.016147,-0.143644,0.045085,-0.009713,0.161697,-0.034287,-0.045267,0.023378,-0.104132,0.019166,-0.064909,0.118551,0.121716,-0.092918,0.118551,0.118551,0.011642,0.182682,-0.134465,0.023908,-0.072670,-0.138195,0.118681,0.199196,-0.077820,-0.077820,0.027979,0.088351,0.116492,0.091814,0.091814,0.116492,0.086606,0.197761,0.193033,0.030222,0.193033,0.091476,0.151122,0.151122,0.098647,0.075249,0.075249,0.075249,0.057708,0.057708,0.151721,0.057708,0.057708,-0.073961,0.057264,0.050248,0.050248,0.092780,0.075503,-0.087750,0.017938,-0.087750,-0.058676,-0.003926,-0.094296,-0.000940,0.039900,0.056751,0.068955,-0.003903,0.049802,0.063327
-0.001199,-0.019106,0.023622,0.065935,-0.025303,-0.083836,0.128994,0.139167,-0.127720,-0.134653,-0.123005,0.044601,-0.003861,-0.123488,0.091439,0.106377,0.086501,-0.014263,0.048455,-0.215598,-0.983916,0.569145,1.000000,0.226674,0.226674,-0.321262,-0.281585,0.481660,-0.089928,-0.099056,0.019588,0.019588,0.067139,-0.078585,0.066886,-0.003412,0.085645,0.035636,-0.154758,-0.060619,-0.204486,-0.060088,-0.177512,0.007821,0.002017,0.078067,0.007821,0.007821,-0.060110,0.106232,0.026909,-0.039956,-0.166313,0.020930,0.019329,0.171979,-0.125772,-0.125772,-0.039955,-0.060761,0.108814,-0.052428,-0.052428,0.108814,-0.043993,0.094956,0.090014,-0.003123,0.090014,-0.044061,0.056680,0.056680,0.103191,-0.058300,-0.050597,-0.050597,-0.050597,-0.050597,0.067404,-0.050597,-0.050597,-0.062397,-0.002399,-0.002355,-0.002355,0.020557,0.045489,-0.078422,0.025591,-0.078422,-0.032703,-0.010541,-0.071919,-0.010592,0.044881,0.019938,0.033572,-0.004786,0.046371,0.028982
0.012635,-0.141749,0.181105,0.026639,-0.124124,-0.063121,-0.081767,-0.129984,0.092868,0.099241,0.040887,-0.022489,0.056846,0.050173,0.154383,0.159700,-0.029969,-0.058709,0.037880,-0.055078,-0.233137,0.405991,0.226674,1.000000,1.000004,-0.080168,0.419983,-0.049092,-0.010413,-0.012582,0.017278,0.017278,-0.037415,-0.066543,0.029543,0.030853,0.185225,-0.035561,0.033245,0.046455,-0.024780,0.044429,-0.037590,-0.027795,-0.026382,-0.027846,-0.027795,-0.027795,0.031684,0.032151,0.010507,0.036874,-0.033186,0.009129,-0.027970,-0.001499,0.018740,0.018740,0.038521,0.084040,-0.000045,0.115228,0.115228,-0.000045,0.116031,0.067296,0.056922,-0.020729,0.056922,0.118180,0.074995,0.074995,-0.008120,0.091264,0.091264,0.091264,0.073216,0.073216,0.058544,0.073216,0.073216,-0.124979,-0.065380,-0.063065,-0.063065,0.106430,0.080975,-0.129661,-0.001476,-0.129661,-0.097761,0.010519,-0.103668,0.006489,-0.001476,0.103910,0.109450,0.010456,0.070712,0.064202
0.012635,-0.141749,0.181105,0.026639,-0.124124,-0.063121,-0.081767,-0.129984,0.092868,0.099241,0.040887,-0.022489,0.056846,0.050173,0.154383,0.159700,-0.029969,-0.058709,0.037880,-0.055078,-0.233137,0.405991,0.226674,1.000004,1.000000,-0.080168,0.419983,-0.049092,-0.010413,-0.012582,0.017278,0.017278,-0.037415,-0.066543,0.029543,0.030853,0.185225,-0.035561,0.033245,0.046455,-0.024780,0.044429,-0.037590,-0.027795,-0.026382,-0.027846,-0.027795,-0.027795,0.031684,0.032151,0.010507,0.036874,-0.033186,0.009129,-0.027970,-0.001499,0.018740,0.018740,0.038521,0.084040,-0.000045,0.115228,0.115228,-0.000045,0.116031,0.067296,0.056922,-0.020729,0.056922,0.118180,0.074995,0.074995,-0.008120,0.091264,0.091264,0.091264,0.073216,0.073216,0.058544,0.073216,0.073216,-0.124979,-0.065380,-0.063065,-0.063065,0.106430,0.080975,-0.129661,-0.001476,-0.129661,-0.097761,0.010519,-0.103668,0.006489,-0.001476,0.103910,0.109450,0.010456,0.070712,0.064202
-0.023695,0.027373,-0.030519,0.042009,0.027843,0.076845,-0.089742,-0.085177,0.106408,0.115162,0.056171,0.039720,-0.032923,0.069208,-0.020747,-0.016590,-0.012745,-0.079077,-0.054311,-0.030634,0.317390,-0.206949,-0.321262,-0.080168,-0.080168,1.000000,-0.168679,-0.169213,-0.138153,-0.140549,-0.160549,-0.160549,-0.037100,0.143167,-0.075618,-0.141399,-0.063437,-0.023229,0.243429,0.118003,0.114453,0.126384,0.021715,-0.065976,-0.063936,-0.046845,-0.065976,-0.065976,0.131063,-0.022242,-0.002570,0.079963,0.014612,-0.004534,-0.065600,-0.087020,0.037008,0.037008,0.070415,0.065446,-0.041414,0.057087,0.057087,-0.041414,0.018328,-0.026643,-0.023054,-0.120799,-0.013010,0.020973,-0.010399,-0.010399,-0.018812,0.012792,-0.000451,-0.000451,0.026036,0.026036,0.008064,0.026036,0.026036,0.027283,0.055401,0.060937,0.060937,-0.011792,-0.013748,0.047213,0.006454,0.047213,0.021683,-0.006600,0.033321,-0.002367,-0.010128,-0.024124,-0.029251,0.003225,-0.059605,-0.038397
-0.001602,-0.042562,0.052369,-0.021118,-0.023399,-0.080275,-0.171329,-0.124503,0.109590,0.122742,0.018485,-0.109958,0.010183,0.012394,0.039382,0.028684,-0.122626,-0.030608,-0.002527,-0.097831,0.283913,-0.065371,-0.281585,0.419983,0.419983,-0.168679,1.000000,-0.263105,0.105911,0.100494,0.109023,0.109023,-0.057686,-0.084018,0.048836,0.115265,0.005138,-0.068801,-0.025337,-0.092524,0.190156,-0.095122,0.144183,0.115695,0.118420,-0.065049,0.115695,0.115695,-0.106587,-0.071562,-0.035966,-0.097262,0.140326,-0.023062,0.110403,-0.002515,-0.026598,-0.026598,-0.093838,0.047945,0.008197,0.067406,0.067406,0.008197,0.091989,0.043713,0.034426,-0.019478,0.034426,0.085656,0.071762,0.071762,0.016551,0.071371,0.071371,0.071371,0.040483,0.040483,0.043953,0.040483,0.040483,-0.023945,-0.007909,-0.019861,-0.019861,0.017421,-0.029297,-0.025301,-0.054421,-0.025301,-0.056053,-0.040876,-0.038361,-0.041780,-0.041530,0.015587,0.008062,-0.048239,0.122990,0.109051
0.001579,-0.075520,0.054977,-0.080955,-0.071438,-0.073028,-0.007389,0.073832,-0.082462,-0.095217,-0.064884,0.163404,-0.076587,-0.080478,0.045040,0.052279,0.220274,0.128788,-0.060957,-0.072632,-0.497152,0.792123,0.481660,-0.049092,-0.049092,-0.169213,-0.263105,1.000000,-0.139178,-0.143089,0.048167,0.048167,0.001986,-0.138995,0.117951,0.038107,0.100885,-0.016749,-0.057604,-0.004019,-0.115309,-0.007299,-0.152022,0.131860,0.134422,-0.062552,0.131860,0.131860,-0.009663,0.240042,-0.129997,0.000310,-0.167308,-0.133127,0.127687,0.294816,-0.079342,-0.079342,0.003675,0.080055,0.195408,0.067761,0.067761,0.195408,0.060570,0.265911,0.266232,-0.101490,0.266232,0.064589,0.197173,0.197173,0.177824,0.061589,0.061589,0.061589,0.051439,0.051439,0.198597,0.051439,0.051439,-0.011833,0.146860,0.137263,0.137263,0.033493,0.046447,-0.012900,0.044115,-0.012900,0.022072,0.010116,-0.037183,0.024284,0.069529,0.015167,0.016244,0.017555,-0.012143,-0.013232
-0.068785,-0.005623,-0.073063,0.015537,0.029226,0.083023,0.047552,0.044237,-0.034177,-0.026606,-0.009369,-0.003932,-0.026999,-0.008188,-0.064470,-0.084931,-0.050909,-0.076373,-0.033120,0.017649,0.096518,-0.026482,-0.089928,-0.010413,-0.010413,-0.138153,0.105911,-0.139178,1.000000,0.991607,0.397981,0.397981,-0.178467,-0.158492,-0.217778,0.344747,-0.079295,-0.194746,-0.214567,-0.172870,0.317529,-0.173467,0.720398,0.392215,0.393310,-0.258011,0.392215,0.392215,-0.169300,-0.288620,-0.250799,-0.164479,0.684224,-0.242591,0.376599,-0.194253,-0.305829,-0.305829,-0.162383,-0.124106,-0.174756,-0.116835,-0.116835,-0.174756,-0.085236,-0.235961,-0.244537,0.670042,-0.244537,-0.096884,-0.216392,-0.216392,-0.177348,-0.115168,-0.115168,-0.115168,-0.087960,-0.087960,-0.214512,-0.087960,-0.087960,-0.022544,-0.038267,-0.034200,-0.034200,-0.001174,-0.042128,-0.001400,-0.055596,-0.001400,-0.062300,-0.069059,-0.047257,-0.074336,-0.038564,-0.024912,-0.030381,-0.088749,0.096843,0.102614
-0.069474,-0.000000,-0.073796,0.010255,0.034238,0.104417,0.061367,0.056716,-0.041296,-0.033705,-0.004242,-0.009874,-0.030248,-0.014220,-0.066202,-0.086517,-0.057815,-0.078384,-0.036529,0.015119,0.105669,-0.031932,-0.099056,-0.012582,-0.012582,-0.140549,0.100494,-0.143089,0.991607,1.000000,0.397715,0.397715,-0.172752,-0.161681,-0.212559,0.345051,-0.081589,-0.189264,-0.219498,-0.176836,0.312575,-0.177417,0.712398,0.381646,0.382782,-0.244378,0.381646,0.381646,-0.173212,-0.295850,-0.236345,-0.168369,0.676222,-0.228188,0.365742,-0.199244,-0.294047,-0.294047,-0.166253,-0.127309,-0.179627,-0.120165,-0.120165,-0.179627,-0.088658,-0.242865,-0.251409,0.663763,-0.251409,-0.100215,-0.223248,-0.223248,-0.182090,-0.118404,-0.118404,-0.118404,-0.091340,-0.091340,-0.221267,-0.091340,-0.091340,0.002726,-0.040172,-0.036088,-0.036088,-0.006608,-0.048796,0.023424,-0.058239,0.023424,-0.043504,-0.057836,-0.021294,-0.063217,-0.041297,-0.030530,-0.035918,-0.077487,0.092306,0.097956
0.012220,-0.092277,-0.037118,-0.069780,-0.044919,-0.052943,-0.088296,-0.100572,0.056706,0.059008,0.018809,-0.094524,0.031978,0.018404,-0.049641,-0.052943,-0.028631,0.068185,0.062737,-0.054013,-0.006232,0.042473,0.019588,0.017278,0.017278,-0.160549,0.109023,0.048167,0.397981,0.397715,1.000000,1.000001,-0.514854,-0.281890,0.798786,0.969599,-0.228922,-0.479808,-0.470362,-0.351540,-0.050082,-0.354239,0.145454,0.608841,0.600229,-0.328504,0.608841,0.608841,-0.357450,0.188469,-0.287201,-0.350694,0.098192,-0.280098,0.568847,0.551440,-0.415921,-0.415921,-0.337517,-0.249065,0.572736,-0.251071,-0.251071,0.572736,-0.216335,0.295042,0.289116,0.228470,0.282847,-0.226937,0.307886,0.307886,0.534828,-0.215807,-0.215807,-0.215807,-0.191004,-0.191004,0.303614,-0.191004,-0.191004,0.062199,-0.039734,-0.043096,-0.043096,0.022777,-0.027338,0.066404,-0.042258,0.066404,0.017181,-0.006215,0.032989,0.009335,-0.021556,0.001009,-0.009995,-0.006178,0.063829,0.059079
0.012220,-0.092277,-0.037118,-0.069780,-0.044919,-0.052943,-0.088296,-0.100572,0.056706,0.059008,0.018809,-0.094524,0.031978,0.018404,-0.049641,-0.052943,-0.028631,0.068185,0.062737,-0.054013,-0.006232,0.042473,0.019588,0.017278,0.017278,-0.160549,0.109023,0.048167,0.397981,0.397715,1.000001,1.000000,-0.514854,-0.281890,0.798786,0.969599,-0.228922,-0.479808,-0.470362,-0.351540,-0.050082,-0.354239,0.145454,0.608841,0.600229,-0.328504,0.608841,0.608841,-0.357450,0.188469,-0.287201,-0.350694,0.098192,-0.280098,0.568847,0.551440,-0.415921,-0.415921,-0.337517,-0.249065,0.572736,-0.251071,-0.251071,0.572736,-0.216335,0.295042,0.289116,0.228470,0.282847,-0.226937,0.307886,0.307886,0.534828,-0.215807,-0.215807,-0.215807,-0.191004,-0.191004,0.303614,-0.191004,-0.191004,0.062199,-0.039734,-0.043096,-0.043096,0.022777,-0.027338,0.066404,-0.042258,0.066404,0.017181,-0.006215,0.032989,0.009335,-0.021556,0.001009,-0.009995,-0.006178,0.063829,0.059079
-0.044221,0.046998,0.083745,-0.042016,0.013478,0.003243,0.103142,0.155679,-0.021124,-0.019667,-0.026127,-0.015290,-0.150292,-0.030997,0.040323,0.034093,-0.047003,-0.019684,-0.157972,-0.168092,-0.065329,-0.016147,0.067139,-0.037415,-0.037415,-0.037100,-0.057686,0.001986,-0.178467,-0.172752,-0.514854,-0.514854,1.000000,-0.319281,-0.450094,-0.517305,-0.181624,0.969613,-0.385171,-0.355341,-0.117018,-0.356329,-0.193392,-0.413325,-0.408781,0.695771,-0.413325,-0.413325,-0.348240,-0.523988,0.667002,-0.346901,-0.134517,0.664303,-0.360944,-0.284670,0.118499,0.118499,-0.342840,-0.226060,-0.267459,-0.221365,-0.221365,-0.267459,-0.223323,-0.406451,-0.402593,-0.063225,-0.402593,-0.218857,-0.359785,-0.359785,-0.224890,-0.209596,-0.200851,-0.200851,-0.200851,-0.200851,-0.357206,-0.200851,-0.200851,0.007821,0.067268,0.061167,0.061167,-0.054852,-0.076701,0.010745,-0.012474,0.010745,0.010462,-0.054148,0.009111,-0.077724,-0.001524,-0.108095,-0.088698,-0.073210,-0.059465,-0.055870
0.054665,-0.013007,0.007222,0.118373,-0.022051,0.050137,-0.009890,-0.057856,-0.031431,-0.037930,-0.053252,0.090991,0.201131,-0.054810,0.043798,0.050137,0.078571,-0.047125,0.197989,0.305510,0.087300,-0.143644,-0.078585,-0.066543,-0.066543,0.143167,-0.084018,-0.138995,-0.158492,-0.161681,-0.281890,-0.281890,-0.319281,1.000000,-0.198633,-0.273064,-0.108331,-0.322858,0.599340,0.731277,-0.227309,0.740087,-0.242158,-0.376578,-0.373353,-0.288181,-0.376578,-0.376578,0.728474,0.383007,-0.209651,0.707927,-0.261161,-0.212524,-0.396815,-0.210642,0.430417,0.430417,0.702108,-0.194363,-0.147448,-0.192058,-0.192058,-0.147448,-0.197764,-0.294282,-0.291937,-0.122596,-0.291937,-0.194928,-0.268626,-0.268626,-0.125072,-0.198924,-0.198924,-0.198924,-0.198924,-0.198924,-0.242391,-0.198924,-0.198924,-0.061044,-0.043875,-0.038530,-0.038530,0.132267,0.160157,-0.070909,0.027719,-0.070909,-0.067466,0.122170,-0.066575,0.122190,0.001455,0.208413,0.191339,0.136939,0.052986,0.041869
0.059713,-0.091182,0.009964,-0.099064,-0.062711,-0.106369,-0.125340,-0.133682,0.083284,0.080600,0.038344,-0.094018,0.058271,0.036835,-0.007107,0.002564,0.002946,0.113832,0.095442,-0.064322,-0.057182,0.045085,0.066886,0.029543,0.029543,-0.075618,0.048836,0.117951,-0.217778,-0.212559,0.798786,0.798786,-0.450094,-0.198633,1.000000,0.820341,-0.187566,-0.401446,-0.358299,-0.261378,-0.252978,-0.263821,-0.303804,0.405302,0.395324,-0.193887,0.405302,0.405302,-0.270080,0.392773,-0.155816,-0.266181,-0.330400,-0.153521,0.373415,0.718657,-0.252284,-0.252284,-0.253545,-0.177757,0.728114,-0.184439,-0.184439,0.728114,-0.168012,0.477213,0.476419,-0.185397,0.469728,-0.171829,0.457165,0.457165,0.665490,-0.148089,-0.148089,-0.148089,-0.139266,-0.139266,0.451650,-0.139266,-0.139266,0.088675,-0.029582,-0.036133,-0.036133,0.020390,-0.015523,0.079623,-0.025389,0.079623,0.053388,0.030034,0.073511,0.050254,-0.014342,0.013314,0.004888,0.042893,0.013181,0.004546
0.018643,-0.092238,-0.030273,-0.084247,-0.056381,-0.055074,-0.103989,-0.108093,0.056427,0.057992,0.029242,-0.085634,0.052676,0.027712,-0.051335,-0.055074,-0.016537,0.070543,0.084592,-0.052540,0.021786,-0.009713,-0.003412,0.030853,0.030853,-0.141399,0.115265,0.038107,0.344747,0.345051,0.969599,0.969599,-0.517305,-0.273064,0.820341,1.000000,-0.212260,-0.480572,-0.453821,-0.336369,-0.049615,-0.339002,0.098515,0.585401,0.576663,-0.315791,0.585401,0.585401,-0.342602,0.212167,-0.277456,-0.336312,0.054171,-0.270157,0.547007,0.566627,-0.398023,-0.398023,-0.323338,-0.234037,0.593307,-0.235429,-0.235429,0.593307,-0.201090,0.326050,0.320043,0.159135,0.313776,-0.211890,0.318108,0.318108,0.532511,-0.200501,-0.200501,-0.200501,-0.175709,-0.175709,0.307531,-0.175709,-0.175709,0.077256,-0.041948,-0.045778,-0.045778,0.012943,-0.042462,0.073278,-0.055351,0.073278,0.012466,-0.017242,0.038783,-0.001129,-0.034657,-0.006498,-0.018171,-0.017139,0.079280,0.066134
0.047693,0.097477,-0.063649,-0.002708,0.077744,-0.060337,0.036198,0.020827,-0.050017,-0.055873,-0.013216,0.093179,-0.005644,-0.015469,-0.063314,-0.060337,0.098691,0.027105,-0.025279,0.014588,-0.079060,0.161697,0.085645,0.185225,0.185225,-0.063437,0.005138,0.100885,-0.079295,-0.081589,-0.228922,-0.228922,-0.181624,-0.108331,-0.187566,-0.212260,1.000000,-0.195562,0.363265,0.452772,-0.074911,0.446574,-0.116340,-0.221955,-0.219848,-0.169517,-0.221955,-0.221955,0.451194,0.246979,-0.179996,0.462245,-0.085360,-0.181995,-0.204667,-0.153211,0.240078,0.240078,0.450543,0.585620,-0.163534,0.590496,0.590496,-0.163534,0.587410,0.280600,0.274459,-0.039299,0.274459,0.591182,0.289173,0.289173,-0.183329,0.582906,0.582906,0.582906,0.582906,0.582906,0.294422,0.582906,0.582906,0.013098,-0.033778,-0.030242,-0.030242,-0.009422,0.018930,-0.010752,0.010009,-0.010752,0.023323,0.010490,0.035347,0.017220,-0.009673,-0.002994,0.002671,0.010427,0.030772,0.023326
-0.049875,0.028652,0.076523,-0.055424,-0.005979,-0.008509,0.076228,0.127307,0.017589,0.020042,0.017859,-0.020607,-0.147777,0.014402,0.043073,0.037335,-0.061293,-0.033409,-0.157452,-0.166487,-0.033380,-0.034287,0.035636,-0.035561,-0.035561,-0.023229,-0.068801,-0.016749,-0.194746,-0.189264,-0.479808,-0.479808,0.969613,-0.322858,-0.401446,-0.480572,-0.195562,1.000000,-0.394833,-0.364656,-0.124559,-0.365712,-0.207333,-0.432213,-0.427497,0.727236,-0.432213,-0.432213,-0.357327,-0.538433,0.696101,-0.355546,-0.150321,0.693312,-0.382219,-0.294336,0.143800,0.143800,-0.351336,-0.228072,-0.229632,-0.224077,-0.224077,-0.229632,-0.225746,-0.371470,-0.367039,-0.078442,-0.367039,-0.221105,-0.328534,-0.328534,-0.186137,-0.212469,-0.203805,-0.203805,-0.203805,-0.203805,-0.326638,-0.203805,-0.203805,0.003755,0.054500,0.048679,0.048679,-0.055602,-0.075703,0.005978,0.003267,0.005978,0.018584,-0.055473,0.005443,-0.079314,0.014114,-0.117877,-0.098176,-0.074347,-0.053457,-0.041203
0.053157,-0.026364,-0.024509,0.069221,-0.028544,0.046475,-0.045675,-0.081862,0.038498,0.032747,0.052058,0.099764,0.089798,0.054054,0.053175,0.062545,0.066663,-0.021126,0.051485,0.237797,0.161302,-0.045267,-0.154758,0.033245,0.033245,0.243429,-0.025337,-0.057604,-0.214567,-0.219498,-0.470362,-0.470362,-0.385171,0.599340,-0.358299,-0.453821,0.363265,-0.394833,1.000000,0.795855,0.197951,0.800163,0.069851,-0.239957,-0.235769,-0.471505,-0.239957,-0.239957,0.794008,0.345504,-0.415518,0.783575,0.056963,-0.420011,-0.251678,-0.334672,0.325901,0.325901,0.772362,0.547217,-0.303642,0.537129,0.537129,-0.303642,0.499848,0.086199,0.087465,-0.159439,0.094374,0.506179,0.120977,0.120977,-0.284770,0.476579,0.467468,0.467468,0.440134,0.440134,0.115123,0.440134,0.440134,-0.039236,-0.001797,0.007251,0.007251,0.059168,0.118418,-0.044833,0.037042,-0.044833,-0.025027,0.081501,-0.019297,0.077027,0.002819,0.114127,0.112013,0.094477,0.020004,0.003790
0.092585,-0.016131,-0.019884,0.050101,-0.031865,0.015447,-0.013435,-0.052169,0.001246,-0.009313,0.006024,0.129886,0.129654,0.001305,0.025359,0.032653,0.112187,-0.013755,0.098914,0.305471,0.064509,0.023378,-0.060619,0.046455,0.046455,0.118003,-0.092524,-0.004019,-0.172870,-0.176836,-0.351540,-0.351540,-0.355341,0.731277,-0.261378,-0.336369,0.452772,-0.364656,0.795855,1.000000,-0.266322,0.995738,-0.296574,-0.441677,-0.437799,-0.433623,-0.441677,-0.441677,0.987069,0.575453,-0.382435,0.973960,-0.291667,-0.386129,-0.445960,-0.238390,0.497283,0.497283,0.960914,0.216941,-0.206196,0.213103,0.213103,-0.206196,0.205196,-0.042252,-0.044052,-0.121282,-0.044052,0.209781,-0.023583,-0.023583,-0.199331,0.201545,0.201545,0.201545,0.201545,0.201545,0.003594,0.201545,0.201545,-0.034836,-0.037468,-0.030748,-0.030748,0.103705,0.142636,-0.057512,0.029217,-0.057512,-0.040159,0.103664,-0.026881,0.094475,-0.007426,0.149308,0.143886,0.110253,0.050292,0.036946
-0.072437,-0.000000,-0.035147,0.016176,0.020467,0.042511,-0.030404,-0.022430,0.028932,0.037439,0.079117,-0.054415,-0.063777,0.092914,-0.007670,-0.025921,-0.086470,-0.011424,-0.099559,-0.062578,0.192704,-0.104132,-0.204486,-0.024780,-0.024780,0.114453,0.190156,-0.115309,0.317529,0.312575,-0.050082,-0.050082,-0.117018,-0.227309,-0.252978,-0.049615,-0.074911,-0.124559,0.197951,-0.266322,1.000000,-0.266157,0.795506,0.413945,0.415096,-0.202327,0.413945,0.413945,-0.261907,-0.397987,-0.190750,-0.257788,0.768850,-0.193124,0.407390,-0.236046,-0.338032,-0.338032,-0.255661,0.437544,-0.227698,0.439275,0.439275,-0.227698,0.424734,0.100317,0.095401,-0.054177,0.105209,0.415230,0.102236,0.102236,-0.229604,0.369185,0.356251,0.356251,0.317452,0.317452,0.049100,0.317452,0.317452,-0.006000,0.067660,0.073618,0.073618,-0.071197,-0.046354,-0.000626,-0.007728,-0.000626,0.019220,-0.050689,0.013836,-0.046770,0.008464,-0.073263,-0.067001,-0.040830,-0.048931,-0.028906
